0	-0.051474
0.01	0.152052
0.02	0.227274
0.03	0.136994
0.04	0.061298
0.05	0.118562
0.06	0.243538
0.07	0.35011
0.08	0.409126
0.09	0.353054
0.1	0.124018
0.11	-0.147134
0.12	-0.227062
0.13	-0.103074
0.14	-0.018526
0.15	-0.119764
0.16	-0.26198
0.17	-0.24494
0.18	-0.059108
0.19	0.191526
0.2	0.441514
0.21	0.636282
0.22	0.695872
0.23	0.612244
0.24	0.483574
0.25	0.388112
0.26	0.322388
0.27	0.290904
0.28	0.323952
0.29	0.374454
0.3	0.34536
0.31	0.264198
0.32	0.282242
0.33	0.449216
0.34	0.630206
0.35	0.689974
0.36	0.614218
0.37	0.416618
0.38	0.103208
0.39	-0.21085
0.4	-0.3294
0.41	-0.21139
0.42	-0.031758
0.43	0.067532
0.44	0.133624
0.45	0.236984
0.46	0.321342
0.47	0.324888
0.48	0.30046
0.49	0.301124
0.5	0.278438
0.51	0.204584
0.52	0.168882
0.53	0.238132
0.54	0.335874
0.55	0.374212
0.56	0.39823
0.57	0.482628
0.58	0.580182
0.59	0.593362
0.6	0.526106
0.61	0.462024
0.62	0.4517
0.63	0.500888
0.64	0.602764
0.65	0.71057
0.66	0.750796
0.67	0.728324
0.68	0.73678
0.69	0.79574
0.7	0.763752
0.71	0.49909
0.72	0.047974
0.73	-0.395934
0.74	-0.671624
0.75	-0.748546
0.76	-0.705686
0.77	-0.650138
0.78	-0.601284
0.79	-0.44669
0.8	-0.087806
0.81	0.37965
0.82	0.740488
0.83	0.913232
0.84	0.997024
0.85	1.059776
0.86	1.037876
0.87	0.881392
0.88	0.639232
0.89	0.354088
0.9	0.041586
0.91	-0.1737
0.92	-0.108226
0.93	0.179466
0.94	0.32573
0.95	0.062488
0.96	-0.451766
0.97	-0.84935
0.98	-0.96857
0.99	-0.88539
1	-0.66608
1.01	-0.326222
1.02	0.011214
1.03	0.158688
1.04	0.118004
1.05	0.127486
1.06	0.373748
1.07	0.748444
1.08	0.961982
1.09	0.849442
1.1	0.513004
1.11	0.196304
1.12	0.076968
1.13	0.182076
1.14	0.434946
1.15	0.704694
1.16	0.827658
1.17	0.710464
1.18	0.488648
1.19	0.47484
1.2	0.81333
1.21	1.24965
1.22	1.39852
1.23	1.20075
1.24	0.935806
1.25	0.797702
1.26	0.67711
1.27	0.41693
1.28	0.075054
1.29	-0.181308
1.3	-0.29148
1.31	-0.303656
1.32	-0.29797
1.33	-0.4094
1.34	-0.77106
1.35	-1.285626
1.36	-1.59073
1.37	-1.453602
1.38	-1.127462
1.39	-1.09951
1.4	-1.482796
1.41	-1.849692
1.42	-1.732736
1.43	-1.154966
1.44	-0.572424
1.45	-0.372418
1.46	-0.532492
1.47	-0.753234
1.48	-0.82133
1.49	-0.768262
1.5	-0.68882
1.51	-0.499984
1.52	0.016682
1.53	0.9186
1.54	1.932538
1.55	2.653978
1.56	2.89112
1.57	2.75187
1.58	2.416798
1.59	1.927302
1.6	1.231404
1.61	0.343258
1.62	-0.628158
1.63	-1.540296
1.64	-2.192286
1.65	-2.309046
1.66	-1.761602
1.67	-0.84145
1.68	-0.108832
1.69	0.1323
1.7	0.02632
1.71	-0.242366
1.72	-0.73804
1.73	-1.416888
1.74	-1.817888
1.75	-1.57234
1.76	-1.038666
1.77	-0.881398
1.78	-1.073516
1.79	-0.93387
1.8	-0.250716
1.81	0.291638
1.82	0.10273
1.83	-0.48884
1.84	-0.843006
1.85	-0.957964
1.86	-1.254734
1.87	-1.729642
1.88	-1.907524
1.89	-1.507434
1.9	-0.69055
1.91	0.242928
1.92	1.003904
1.93	1.306516
1.94	1.128338
1.95	0.866018
1.96	0.854704
1.97	0.884176
1.98	0.584436
1.99	0.091146
2	-0.156826
2.01	-0.117506
2.02	-0.097538
2.03	-0.106538
2.04	0.158436
2.05	0.69643
2.06	1.12627
2.07	1.25649
2.08	1.211684
2.09	0.980194
2.1	0.417782
2.11	-0.20807
2.12	-0.265318
2.13	0.448802
2.14	1.423298
2.15	2.092282
2.16	2.33136
2.17	2.20318
2.18	1.748016
2.19	1.215668
2.2	0.993776
2.21	1.065744
2.22	0.97696
2.23	0.524662
2.24	0.016506
2.25	-0.322616
2.26	-0.66405
2.27	-1.08141
2.28	-1.33019
2.29	-1.426278
2.3	-1.847802
2.31	-2.739442
2.32	-3.45029
2.33	-3.350874
2.34	-2.653396
2.35	-1.931722
2.36	-1.293542
2.37	-0.618886
2.38	-0.217652
2.39	-0.528628
2.4	-1.329916
2.41	-1.869792
2.42	-1.727796
2.43	-1.088202
2.44	-0.298608
2.45	0.35287
2.46	0.553646
2.47	0.21757
2.48	-0.176066
2.49	0.024642
2.5	0.828988
2.51	1.526532
2.52	1.483246
2.53	0.771414
2.54	0.04326
2.55	0.014108
2.56	0.950266
2.57	2.345598
2.58	3.175364
2.59	2.795674
2.6	1.588712
2.61	0.5137
2.62	0.13228
2.63	0.294748
2.64	0.569926
2.65	0.621522
2.66	0.307318
2.67	-0.193366
2.68	-0.418772
2.69	-0.137692
2.7	0.268442
2.71	0.290988
2.72	0.04265
2.73	0.092942
2.74	0.615102
2.75	1.145484
2.76	1.200808
2.77	0.710222
2.78	-0.191574
2.79	-1.345066
2.8	-2.424546
2.81	-3.029024
2.82	-3.102648
2.83	-2.965632
2.84	-2.787376
2.85	-2.324594
2.86	-1.336376
2.87	0.006504
2.88	1.281416
2.89	2.14831
2.9	2.403388
2.91	1.99761
2.92	1.254528
2.93	0.878428
2.94	1.414868
2.95	2.634014
2.96	3.565892
2.97	3.254086
2.98	1.592046
2.99	-0.495224
3	-1.782024
3.01	-1.81309
3.02	-1.238862
3.03	-1.008594
3.04	-1.355996
3.05	-1.74473
3.06	-1.640054
3.07	-1.012954
3.08	-0.147446
3.09	0.685136
3.1	1.293076
3.11	1.59002
3.12	1.646324
3.13	1.527956
3.14	1.106126
3.15	0.297878
3.16	-0.54172
3.17	-0.878306
3.18	-0.761136
3.19	-0.916516
3.2	-1.819754
3.21	-2.981044
3.22	-3.478022
3.23	-3.006512
3.24	-2.084342
3.25	-1.335774
3.26	-0.905026
3.27	-0.55318
3.28	-0.027974
3.29	0.742224
3.3	1.598438
3.31	2.163384
3.32	2.041022
3.33	1.169766
3.34	-0.037148
3.35	-1.017928
3.36	-1.573666
3.37	-1.991904
3.38	-2.596456
3.39	-3.233228
3.4	-3.354084
3.41	-2.652026
3.42	-1.46166
3.43	-0.410216
3.44	0.218194
3.45	0.633398
3.46	1.183816
3.47	2.072714
3.48	3.34118
3.49	4.80513
3.5	5.93343
3.51	6.093976
3.52	5.161834
3.53	3.765952
3.54	2.735606
3.55	2.337
3.56	2.165344
3.57	1.700628
3.58	0.803716
3.59	-0.280626
3.6	-1.179302
3.61	-1.571406
3.62	-1.303934
3.63	-0.535388
3.64	0.25133
3.65	0.551264
3.66	0.248956
3.67	-0.321294
3.68	-0.76809
3.69	-1.024014
3.7	-1.281056
3.71	-1.66473
3.72	-2.134484
3.73	-2.653232
3.74	-3.226838
3.75	-3.701858
3.76	-3.713852
3.77	-3.011746
3.78	-1.792182
3.79	-0.606364
3.8	0.075788
3.81	0.226222
3.82	0.274416
3.83	0.75026
3.84	1.74398
3.85	2.67311
3.86	2.787874
3.87	2.042432
3.88	1.279694
3.89	1.329178
3.9	2.020796
3.91	2.340544
3.92	1.55814
3.93	-0.0156
3.94	-1.444694
3.95	-2.157188
3.96	-2.39089
3.97	-2.725142
3.98	-3.311716
3.99	-3.65615
4	-3.1693
4.01	-1.861852
4.02	-0.39393
4.03	0.560366
4.04	0.904216
4.05	1.076724
4.06	1.54338
4.07	2.35671
4.08	3.098184
4.09	3.203768
4.1	2.464608
4.11	1.276764
4.12	0.316528
4.13	-0.063148
4.14	-0.04325
4.15	-0.0121
4.16	-0.221244
4.17	-0.72317
4.18	-1.340282
4.19	-1.61565
4.2	-1.125704
4.21	-0.053522
4.22	0.795534
4.23	0.79423
4.24	0.140208
4.25	-0.495624
4.26	-0.770004
4.27	-0.881008
4.28	-1.163444
4.29	-1.745138
4.3	-2.481652
4.31	-2.982916
4.32	-2.823998
4.33	-1.978742
4.34	-0.937274
4.35	-0.162852
4.36	0.438128
4.37	1.26969
4.38	2.438102
4.39	3.674542
4.4	4.69307
4.41	5.286172
4.42	5.231754
4.43	4.540128
4.44	3.713046
4.45	3.285216
4.46	3.084564
4.47	2.396066
4.48	0.95255
4.49	-0.65757
4.5	-1.72853
4.51	-2.218684
4.52	-2.586666
4.53	-3.122458
4.54	-3.6556
4.55	-3.765112
4.56	-3.16629
4.57	-2.05352
4.58	-1.090576
4.59	-0.813994
4.6	-0.992878
4.61	-0.858562
4.62	-0.050568
4.63	0.952012
4.64	1.434936
4.65	1.17951
4.66	0.475876
4.67	-0.259334
4.68	-0.698562
4.69	-0.742954
4.7	-0.662646
4.71	-0.848154
4.72	-1.254524
4.73	-1.388058
4.74	-1.019636
4.75	-0.535332
4.76	-0.307446
4.77	-0.124874
4.78	0.338032
4.79	0.855488
4.8	1.025194
4.81	1.080508
4.82	1.648616
4.83	2.692208
4.84	3.33445
4.85	2.947786
4.86	1.9286
4.87	1.103934
4.88	0.726302
4.89	0.379556
4.9	-0.334234
4.91	-1.30561
4.92	-2.018518
4.93	-1.987332
4.94	-1.238682
4.95	-0.480346
4.96	-0.56945
4.97	-1.596322
4.98	-2.666268
4.99	-2.83087
5	-2.103754
5.01	-1.30786
5.02	-1.065218
5.03	-1.294108
5.04	-1.658174
5.05	-2.071474
5.06	-2.577638
5.07	-3.057628
5.08	-3.37093
5.09	-3.651596
5.1	-4.172168
5.11	-4.922472
5.12	-5.53558
5.13	-5.658654
5.14	-5.237414
5.15	-4.416122
5.16	-3.344008
5.17	-2.178172
5.18	-1.142104
5.19	-0.431256
5.2	-0.080492
5.21	0.009558
5.22	-0.044836
5.23	-0.150982
5.24	-0.233286
5.25	-0.277062
5.26	-0.340662
5.27	-0.43621
5.28	-0.426702
5.29	-0.142518
5.3	0.390966
5.31	0.913136
5.32	1.124444
5.33	0.884658
5.34	0.274606
5.35	-0.404692
5.36	-0.686902
5.37	-0.175704
5.38	1.101714
5.39	2.58533
5.4	3.550878
5.41	3.671464
5.42	3.22666
5.43	2.77001
5.44	2.62434
5.45	2.693942
5.46	2.67618
5.47	2.350302
5.48	1.679694
5.49	0.794546
5.5	-0.015464
5.51	-0.409696
5.52	-0.30532
5.53	-0.074152
5.54	-0.22611
5.55	-0.828954
5.56	-1.425566
5.57	-1.620792
5.58	-1.535552
5.59	-1.495674
5.6	-1.483812
5.61	-1.234698
5.62	-0.804348
5.63	-0.653776
5.64	-1.02305
5.65	-1.469614
5.66	-1.232386
5.67	0.01614
5.68	1.84194
5.69	3.352756
5.7	3.80206
5.71	3.106012
5.72	1.907136
5.73	0.999256
5.74	0.578414
5.75	0.192136
5.76	-0.50487
5.77	-1.214564
5.78	-1.454668
5.79	-1.330992
5.8	-1.449162
5.81	-2.071336
5.82	-2.735012
5.83	-2.840762
5.84	-2.356516
5.85	-1.77686
5.86	-1.573806
5.87	-1.847288
5.88	-2.349824
5.89	-2.652714
5.9	-2.388364
5.91	-1.545028
5.92	-0.519128
5.93	0.251538
5.94	0.679252
5.95	0.950884
5.96	1.148334
5.97	1.134838
5.98	0.805214
5.99	0.248232
6	-0.40075
6.01	-1.110536
6.02	-1.863968
6.03	-2.524904
6.04	-2.88325
6.05	-2.752502
6.06	-1.96948
6.07	-0.448164
6.08	1.590684
6.09	3.501138
6.1	4.54204
6.11	4.4449
6.12	3.622076
6.13	2.782942
6.14	2.370232
6.15	2.347452
6.16	2.423308
6.17	2.392188
6.18	2.273942
6.19	2.205934
6.2	2.267966
6.21	2.429624
6.22	2.619188
6.23	2.750152
6.24	2.64014
6.25	2.000984
6.26	0.668574
6.27	-1.106126
6.28	-2.69247
6.29	-3.513688
6.3	-3.457208
6.31	-2.840916
6.32	-2.044446
6.33	-1.273444
6.34	-0.643148
6.35	-0.283948
6.36	-0.211116
6.37	-0.193578
6.38	0.012552
6.39	0.253996
6.4	0.0218
6.41	-0.915046
6.42	-2.023574
6.43	-2.383704
6.44	-1.583584
6.45	-0.10213
6.46	1.199758
6.47	1.782038
6.48	1.58046
6.49	0.74619
6.5	-0.460252
6.51	-1.554982
6.52	-1.931954
6.53	-1.31423
6.54	-0.078096
6.55	1.028302
6.56	1.586072
6.57	1.90644
6.58	2.662004
6.59	4.11192
6.6	5.783092
6.61	6.958592
6.62	7.339576
6.63	7.088968
6.64	6.397438
6.65	5.348718
6.66	4.192922
6.67	3.295166
6.68	2.57286
6.69	1.376534
6.7	-0.610138
6.71	-2.543948
6.72	-3.04659
6.73	-1.722246
6.74	0.378508
6.75	1.926346
6.76	2.52265
6.77	2.565626
6.78	2.420614
6.79	2.202392
6.8	2.087502
6.81	2.24378
6.82	2.47657
6.83	2.471174
6.84	2.46518
6.85	3.126982
6.86	4.460506
6.87	5.26562
6.88	4.196192
6.89	1.236354
6.9	-2.258864
6.91	-4.923818
6.92	-6.419548
6.93	-7.16114
6.94	-7.481354
6.95	-7.278328
6.96	-6.232262
6.97	-4.172212
6.98	-1.386126
6.99	1.330894
7	3.166924
7.01	3.990204
7.02	4.342744
7.03	4.585072
7.04	4.3509
7.05	3.16847
7.06	1.378206
7.07	-0.032288
7.08	-0.470184
7.09	-0.224446
7.1	0.08929
7.11	0.173236
7.12	0.065568
7.13	-0.080766
7.14	-0.037482
7.15	0.38477
7.16	1.042648
7.17	1.500598
7.18	1.565744
7.19	1.596058
7.2	2.082312
7.21	3.075218
7.22	4.179884
7.23	4.929858
7.24	4.987714
7.25	4.194076
7.26	2.714894
7.27	1.06019
7.28	-0.292746
7.29	-1.290434
7.3	-2.190508
7.31	-3.138066
7.32	-3.991054
7.33	-4.472582
7.34	-4.36513
7.35	-3.684246
7.36	-2.821686
7.37	-2.354998
7.38	-2.457374
7.39	-2.577984
7.4	-1.996118
7.41	-0.745312
7.42	0.19049
7.43	-0.304112
7.44	-2.444816
7.45	-5.23237
7.46	-7.141582
7.47	-7.353792
7.48	-6.498274
7.49	-6.031758
7.5	-6.701316
7.51	-7.755172
7.52	-7.834768
7.53	-6.434666
7.54	-4.227564
7.55	-2.17405
7.56	-0.707304
7.57	0.31374
7.58	1.295646
7.59	2.607732
7.6	4.23017
7.61	5.61625
7.62	6.18793
7.63	6.02289
7.64	5.75491
7.65	5.736146
7.66	5.64822
7.67	5.100902
7.68	4.28543
7.69	3.73976
7.7	3.629108
7.71	3.549574
7.72	3.041218
7.73	2.127822
7.74	1.30453
7.75	1.039766
7.76	1.310724
7.77	1.659722
7.78	1.721266
7.79	1.584014
7.8	1.52889
7.81	1.548542
7.82	1.365206
7.83	0.891264
7.84	0.416848
7.85	0.278034
7.86	0.517828
7.87	0.92127
7.88	1.212268
7.89	1.16613
7.9	0.715698
7.91	0.06475
7.92	-0.405466
7.93	-0.454622
7.94	-0.224718
7.95	-0.195146
7.96	-0.889262
7.97	-2.427474
7.98	-4.185506
7.99	-5.064666
8	-4.457532
8.01	-2.99567
8.02	-2.076492
8.03	-2.528346
8.04	-3.867322
8.05	-4.889046
8.06	-4.82311
8.07	-3.872266
8.08	-2.80657
8.09	-2.162744
8.1	-1.827614
8.11	-1.382302
8.12	-0.757574
8.13	-0.293258
8.14	-0.080784
8.15	0.340594
8.16	1.237758
8.17	1.918472
8.18	1.332172
8.19	-0.500318
8.2	-2.141242
8.21	-2.036974
8.22	0.046268
8.23	2.890124
8.24	4.82487
8.25	4.89994
8.26	3.513774
8.27	2.042138
8.28	1.532882
8.29	1.657
8.3	1.222382
8.31	-0.271502
8.32	-1.988248
8.33	-2.697188
8.34	-1.874206
8.35	0.246902
8.36	3.097696
8.37	5.837416
8.38	7.440172
8.39	7.291252
8.4	5.634382
8.41	3.194182
8.42	0.568724
8.43	-1.790632
8.44	-3.37632
8.45	-3.903584
8.46	-3.702128
8.47	-3.441942
8.48	-3.451884
8.49	-3.526218
8.5	-3.348258
8.51	-2.897366
8.52	-2.47126
8.53	-2.426398
8.54	-2.800826
8.55	-3.115258
8.56	-2.744022
8.57	-1.617058
8.58	-0.334374
8.59	0.582088
8.6	1.294524
8.61	2.2546
8.62	3.409032
8.63	4.123096
8.64	3.86341
8.65	2.783206
8.66	1.657268
8.67	1.247914
8.68	1.547572
8.69	1.645252
8.7	0.67862
8.71	-0.984186
8.72	-1.906316
8.73	-1.124344
8.74	0.840474
8.75	2.70111
8.76	3.65776
8.77	3.639512
8.78	2.87531
8.79	1.797572
8.8	0.969842
8.81	0.468196
8.82	-0.398322
8.83	-2.137696
8.84	-4.122848
8.85	-5.3084
8.86	-5.691802
8.87	-6.198598
8.88	-7.122854
8.89	-7.615606
8.9	-7.019882
8.91	-5.921776
8.92	-5.370142
8.93	-5.57942
8.94	-5.911904
8.95	-5.780812
8.96	-5.08833
8.97	-4.012428
8.98	-2.817432
8.99	-1.758672
9	-0.784144
9.01	0.638546
9.02	3.048934
9.03	6.209632
9.04	8.93131
9.05	9.847136
9.06	8.494802
9.07	5.7062
9.08	2.860938
9.09	0.68987
9.1	-1.053308
9.11	-2.678948
9.12	-3.697674
9.13	-3.28888
9.14	-1.43036
9.15	0.990286
9.16	3.185912
9.17	5.046198
9.18	6.592994
9.19	7.425544
9.2	7.069504
9.21	5.603508
9.22	3.689064
9.23	2.146654
9.24	1.536986
9.25	1.801924
9.26	2.201436
9.27	1.987854
9.28	1.295534
9.29	0.956356
9.3	1.254092
9.31	1.33849
9.32	0.193576
9.33	-2.203514
9.34	-4.988112
9.35	-7.232334
9.36	-8.298212
9.37	-7.870402
9.38	-6.24784
9.39	-4.33757
9.4	-2.793646
9.41	-1.348176
9.42	0.49349
9.43	2.338276
9.44	3.150014
9.45	2.53296
9.46	1.12144
9.47	-0.34396
9.48	-1.684802
9.49	-2.855436
9.5	-3.430622
9.51	-2.90001
9.52	-1.225728
9.53	1.065478
9.54	3.11854
9.55	4.07531
9.56	3.611278
9.57	2.34848
9.58	1.384942
9.59	1.18769
9.6	1.230616
9.61	0.90897
9.62	0.46893
9.63	0.705352
9.64	1.921052
9.65	3.471226
9.66	4.264294
9.67	3.581652
9.68	1.596076
9.69	-0.69431
9.7	-2.17304
9.71	-2.496684
9.72	-2.288534
9.73	-2.350404
9.74	-2.761298
9.75	-2.8791
9.76	-2.168952
9.77	-0.880006
9.78	0.150318
9.79	0.351164
9.8	0.039338
9.81	0.078712
9.82	0.87085
9.83	1.848684
9.84	2.095574
9.85	1.243828
9.86	-0.437306
9.87	-2.468554
9.88	-4.156146
9.89	-4.443684
9.9	-2.635692
9.91	0.51647
9.92	3.134122
9.93	4.02566
9.94	3.771184
9.95	3.729142
9.96	4.454526
9.97	5.457996
9.98	6.035764
9.99	5.849458
10	5.074164
10.01	4.478234
10.02	4.984832
10.03	6.542086
10.04	7.671424
10.05	6.775718
10.06	3.821828
10.07	0.25882
10.08	-2.530664
10.09	-4.131976
10.1	-4.68988
10.11	-4.429138
10.12	-3.7261
10.13	-3.022154
10.14	-2.396908
10.15	-1.595976
10.16	-0.585344
10.17	0.287436
10.18	0.697306
10.19	0.490534
10.2	-0.500774
10.21	-2.182684
10.22	-3.685562
10.23	-3.873252
10.24	-2.740764
10.25	-1.761622
10.26	-2.379674
10.27	-4.470438
10.28	-6.63399
10.29	-7.696674
10.3	-7.610514
10.31	-7.218248
10.32	-7.542274
10.33	-9.056484
10.34	-11.201774
10.35	-12.673978
10.36	-12.495184
10.37	-10.802636
10.38	-8.500066
10.39	-6.353718
10.4	-4.604016
10.41	-3.165926
10.42	-1.831306
10.43	-0.35697
10.44	1.344072
10.45	3.05915
10.46	4.41423
10.47	5.085346
10.48	4.855354
10.49	3.70299
10.5	1.999982
10.51	0.45852
10.52	-0.25954
10.53	0.192104
10.54	1.846768
10.55	4.269248
10.56	6.348338
10.57	6.844764
10.58	5.566578
10.59	3.64237
10.6	2.224632
10.61	1.27084
10.62	0.10122
10.63	-1.179376
10.64	-1.56927
10.65	-0.481602
10.66	1.49774
10.67	3.368962
10.68	4.703506
10.69	5.540062
10.7	5.732666
10.71	5.01043
10.72	3.728754
10.73	3.09517
10.74	4.200336
10.75	6.726152
10.76	8.85097
10.77	8.750434
10.78	6.289
10.79	3.10343
10.8	0.976664
10.81	0.269522
10.82	-0.040866
10.83	-1.052982
10.84	-2.85871
10.85	-4.58098
10.86	-5.25513
10.87	-4.730004
10.88	-3.859576
10.89	-3.79842
10.9	-5.036468
10.91	-7.101628
10.92	-9.053974
10.93	-10.010886
10.94	-9.271912
10.95	-6.476888
10.96	-2.057572
10.97	2.633782
10.98	6.044058
10.99	7.440174
11	7.27321
11.01	6.659756
11.02	6.483478
11.03	6.744596
11.04	6.666072
11.05	5.613418
11.06	3.977372
11.07	2.929142
11.08	3.232052
11.09	4.541196
11.1	5.932736
11.11	6.792682
11.12	7.054864
11.13	6.923582
11.14	6.609452
11.15	6.120774
11.16	5.19694
11.17	3.732034
11.18	2.301528
11.19	1.764
11.2	2.12023
11.21	2.291464
11.22	1.403782
11.23	-0.135496
11.24	-1.208792
11.25	-1.18118
11.26	-0.126322
11.27	1.570846
11.28	3.193872
11.29	3.747362
11.3	2.89378
11.31	1.689916
11.32	1.613848
11.33	2.839748
11.34	4.078786
11.35	4.104492
11.36	2.867516
11.37	1.20392
11.38	0.146492
11.39	0.504862
11.4	2.272604
11.41	4.161582
11.42	4.442636
11.43	2.744424
11.44	0.61354
11.45	-0.118904
11.46	0.7202
11.47	1.5602
11.48	0.645248
11.49	-2.468118
11.5	-6.501242
11.51	-9.201812
11.52	-8.956186
11.53	-6.281736
11.54	-3.659318
11.55	-3.406982
11.56	-5.570854
11.57	-8.069632
11.58	-8.840472
11.59	-7.577434
11.6	-5.459318
11.61	-3.6968
11.62	-2.665314
11.63	-2.127922
11.64	-1.719156
11.65	-1.109708
11.66	-0.163432
11.67	0.751688
11.68	0.915576
11.69	0.116992
11.7	-0.840482
11.71	-0.949824
11.72	-0.183916
11.73	0.64939
11.74	1.10942
11.75	1.44057
11.76	1.595498
11.77	0.83284
11.78	-1.171676
11.79	-3.44976
11.8	-4.684634
11.81	-4.70511
11.82	-4.42413
11.83	-4.518936
11.84	-4.766582
11.85	-4.589698
11.86	-3.77096
11.87	-2.664138
11.88	-2.006942
11.89	-2.326538
11.9	-3.171474
11.91	-3.205604
11.92	-1.578656
11.93	0.904022
11.94	2.390492
11.95	1.67961
11.96	-0.918922
11.97	-4.064308
11.98	-6.274948
11.99	-6.674898
12	-5.49703
12.01	-3.823928
12.02	-2.497186
12.03	-1.488424
12.04	-0.614332
12.05	-0.33636
12.06	-1.210536
12.07	-2.933716
12.08	-4.663264
12.09	-5.980786
12.1	-6.792116
12.11	-6.622386
12.12	-5.005776
12.13	-2.493438
12.14	-0.318282
12.15	1.013422
12.16	1.95759
12.17	2.715828
12.18	2.700526
12.19	1.457758
12.2	-0.622782
12.21	-2.755432
12.22	-4.280954
12.23	-4.629856
12.24	-3.511122
12.25	-1.397456
12.26	0.733094
12.27	2.249162
12.28	2.95022
12.29	2.51923
12.3	0.853882
12.31	-1.045696
12.32	-1.653682
12.33	-0.745422
12.34	0.277632
12.35	0.229666
12.36	-0.621994
12.37	-1.49282
12.38	-2.16922
12.39	-2.598024
12.4	-2.435038
12.41	-1.754006
12.42	-1.28783
12.43	-1.147336
12.44	-0.195436
12.45	2.311076
12.46	5.224636
12.47	6.79205
12.48	6.885104
12.49	6.76753
12.5	7.013194
12.51	6.907388
12.52	5.831716
12.53	4.084972
12.54	2.187966
12.55	0.34222
12.56	-1.18755
12.57	-1.981936
12.58	-2.092084
12.59	-2.154118
12.6	-2.597696
12.61	-3.211226
12.62	-3.674254
12.63	-4.021378
12.64	-4.318834
12.65	-4.279758
12.66	-3.515506
12.67	-1.996684
12.68	-0.109996
12.69	1.644782
12.7	3.04225
12.71	4.382184
12.72	6.244768
12.73	8.747924
12.74	11.171642
12.75	12.624992
12.76	12.954984
12.77	12.600714
12.78	11.619552
12.79	9.369446
12.8	5.404436
12.81	0.514176
12.82	-3.301846
12.83	-4.06482
12.84	-1.433376
12.85	2.615214
12.86	5.059532
12.87	4.36443
12.88	1.789024
12.89	-0.10538
12.9	-0.128166
12.91	0.688486
12.92	0.669326
12.93	-0.692482
12.94	-2.546734
12.95	-3.71081
12.96	-3.581918
12.97	-2.378478
12.98	-0.828778
12.99	0.418894
13	1.179702
13.01	1.54203
13.02	1.496518
13.03	1.044176
13.04	0.557806
13.05	0.58869
13.06	1.183164
13.07	1.694392
13.08	1.438408
13.09	0.372794
13.1	-0.921014
13.11	-1.724268
13.12	-1.634854
13.13	-0.81235
13.14	0.13497
13.15	0.71883
13.16	1.07808
13.17	1.68563
13.18	2.530058
13.19	2.943462
13.2	2.42464
13.21	1.346606
13.22	0.576728
13.23	0.53892
13.24	0.865436
13.25	0.867476
13.26	0.1661
13.27	-1.04358
13.28	-2.161854
13.29	-2.660924
13.3	-2.537548
13.31	-2.267408
13.32	-2.242162
13.33	-2.345164
13.34	-2.149868
13.35	-1.364342
13.36	0.054698
13.37	1.98944
13.38	4.03654
13.39	5.40441
13.4	5.361034
13.41	3.957052
13.42	2.12845
13.43	0.984988
13.44	1.061016
13.45	2.105396
13.46	3.24377
13.47	3.387446
13.48	2.04083
13.49	-0.010452
13.5	-1.240124
13.51	-0.99552
13.52	-0.227726
13.53	-0.175294
13.54	-0.710002
13.55	-0.6968
13.56	0.178752
13.57	0.791982
13.58	-0.044232
13.59	-2.253158
13.6	-4.761308
13.61	-6.45175
13.62	-6.57741
13.63	-4.939062
13.64	-2.219778
13.65	0.28944
13.66	1.7977
13.67	2.514264
13.68	2.71142
13.69	1.89353
13.7	-0.434208
13.71	-3.612134
13.72	-6.257556
13.73	-7.682352
13.74	-8.203906
13.75	-8.227798
13.76	-7.787204
13.77	-6.984506
13.78	-6.203102
13.79	-5.789092
13.8	-6.026544
13.81	-7.347076
13.82	-9.890284
13.83	-12.773852
13.84	-14.405708
13.85	-13.73756
13.86	-10.957648
13.87	-7.153356
13.88	-3.755838
13.89	-1.902066
13.9	-1.421794
13.91	-0.624598
13.92	1.816698
13.93	4.688438
13.94	5.08723
13.95	1.808002
13.96	-3.139574
13.97	-6.827138
13.98	-8.180614
13.99	-7.942092
14	-7.1016
14.01	-6.422012
14.02	-6.623998
14.03	-7.709142
14.04	-8.444282
14.05	-7.633156
14.06	-5.748394
14.07	-4.394768
14.08	-4.331574
14.09	-4.93154
14.1	-5.439644
14.11	-5.734006
14.12	-5.7482
14.13	-5.124854
14.14	-3.832936
14.15	-2.490646
14.16	-1.732096
14.17	-1.6785
14.18	-2.182244
14.19	-3.094916
14.2	-4.118224
14.21	-4.870602
14.22	-5.317146
14.23	-5.74786
14.24	-6.203624
14.25	-6.365284
14.26	-6.157494
14.27	-5.984718
14.28	-6.155594
14.29	-6.539124
14.3	-7.05276
14.31	-7.995358
14.32	-9.454512
14.33	-10.717624
14.34	-10.780136
14.35	-9.353966
14.36	-7.05263
14.37	-4.681774
14.38	-2.63085
14.39	-0.87323
14.4	0.71433
14.41	2.032606
14.42	2.64909
14.43	2.17052
14.44	0.908602
14.45	-0.05644
14.46	0.171108
14.47	1.363318
14.48	2.479102
14.49	2.81948
14.5	2.52259
14.51	2.001052
14.52	1.421768
14.53	0.901046
14.54	0.705882
14.55	0.863726
14.56	0.87952
14.57	0.28944
14.58	-0.673342
14.59	-1.427744
14.6	-1.967442
14.61	-2.877986
14.62	-4.30796
14.63	-5.443668
14.64	-5.359414
14.65	-4.09516
14.66	-2.560706
14.67	-1.599976
14.68	-1.491296
14.69	-2.155258
14.7	-3.366104
14.71	-4.740094
14.72	-5.91204
14.73	-6.845022
14.74	-7.702834
14.75	-8.338516
14.76	-8.190766
14.77	-6.840362
14.78	-4.474776
14.79	-1.677158
14.8	1.044326
14.81	3.364902
14.82	5.012296
14.83	5.860376
14.84	6.168958
14.85	6.490366
14.86	7.199384
14.87	8.204838
14.88	9.250948
14.89	10.44531
14.9	12.248332
14.91	14.769942
14.92	17.226186
14.93	18.437414
14.94	17.98058
14.95	16.616476
14.96	15.410094
14.97	14.616308
14.98	13.642716
14.99	11.957056
15	9.760874
15.01	7.820764
15.02	6.854876
15.03	7.029488
15.04	7.816474
15.05	8.349814
15.06	8.149126
15.07	7.550178
15.08	7.296672
15.09	7.719034
15.1	8.44984
15.11	8.907054
15.12	8.885534
15.13	8.676402
15.14	8.739432
15.15	9.240902
15.16	9.820854
15.17	9.912564
15.18	9.416212
15.19	8.875878
15.2	8.72782
15.21	8.52282
15.22	7.306578
15.23	4.832204
15.24	2.055984
15.25	0.267426
15.26	-0.06217
15.27	0.551366
15.28	1.33747
15.29	1.930686
15.3	2.42821
15.31	3.120894
15.32	4.319096
15.33	6.28811
15.34	9.06032
15.35	12.176862
15.36	14.801692
15.37	16.36786
15.38	17.100978
15.39	17.6891
15.4	18.475622
15.41	19.26795
15.42	19.907856
15.43	20.563744
15.44	21.260508
15.45	21.525492
15.46	20.846226
15.47	19.265672
15.48	17.281848
15.49	15.391346
15.5	13.94146
15.51	13.11013
15.52	12.706444
15.53	12.250124
15.54	11.579802
15.55	11.137192
15.56	11.302406
15.57	11.683102
15.58	11.432648
15.59	10.084462
15.6	7.774308
15.61	4.940064
15.62	2.201268
15.63	0.220274
15.64	-0.843406
15.65	-1.53801
15.66	-2.287462
15.67	-2.59676
15.68	-1.703232
15.69	0.120162
15.7	1.611794
15.71	1.967876
15.72	1.722698
15.73	2.076372
15.74	3.745792
15.75	6.502966
15.76	9.394802
15.77	11.316474
15.78	11.769572
15.79	11.256792
15.8	10.766964
15.81	10.830598
15.82	11.146248
15.83	10.92648
15.84	9.43803
15.85	6.555172
15.86	3.151356
15.87	0.614726
15.88	-0.51185
15.89	-1.170848
15.9	-2.627046
15.91	-4.972506
15.92	-7.295714
15.93	-8.93139
15.94	-9.801996
15.95	-9.811012
15.96	-8.786276
15.97	-6.970252
15.98	-4.78399
15.99	-2.167286
16	1.01888
16.01	3.971692
16.02	5.308402
16.03	4.682224
16.04	3.204728
16.05	1.971988
16.06	0.958454
16.07	-0.25655
16.08	-1.434536
16.09	-1.945914
16.1	-1.635232
16.11	-0.908314
16.12	-0.239494
16.13	0.038038
16.14	-0.311298
16.15	-1.337584
16.16	-2.8081
16.17	-4.236648
16.18	-4.910408
16.19	-4.104582
16.2	-1.70698
16.21	1.39111
16.22	3.895918
16.23	5.084798
16.24	4.94618
16.25	3.661178
16.26	1.464978
16.27	-1.201516
16.28	-3.989352
16.29	-6.92411
16.3	-9.865384
16.31	-12.032482
16.32	-12.832522
16.33	-12.885228
16.34	-13.333088
16.35	-14.289546
16.36	-14.851944
16.37	-14.458246
16.38	-13.240176
16.39	-11.245416
16.4	-8.526894
16.41	-5.956182
16.42	-4.617718
16.43	-4.234406
16.44	-3.487516
16.45	-2.097662
16.46	-1.18568
16.47	-1.254964
16.48	-1.393042
16.49	-1.10969
16.5	-1.406152
16.51	-3.063554
16.52	-5.232198
16.53	-6.811182
16.54	-8.001626
16.55	-9.30301
16.56	-10.15544
16.57	-10.022922
16.58	-9.860336
16.59	-10.86682
16.6	-12.38667
16.61	-12.679116
16.62	-11.475282
16.63	-10.264006
16.64	-10.148838
16.65	-10.80209
16.66	-11.53134
16.67	-12.004724
16.68	-11.679958
16.69	-9.756478
16.7	-6.244484
16.71	-2.32699
16.72	0.745912
16.73	2.640366
16.74	3.73471
16.75	4.528228
16.76	5.329352
16.77	5.954154
16.78	5.673762
16.79	3.985624
16.8	1.407174
16.81	-1.051662
16.82	-3.100218
16.83	-5.196694
16.84	-7.502414
16.85	-9.670394
16.86	-11.734634
16.87	-14.2531
16.88	-17.1806
16.89	-19.383508
16.9	-19.849686
16.91	-18.865764
16.92	-17.4093
16.93	-15.708834
16.94	-13.018928
16.95	-8.746692
16.96	-3.32599
16.97	2.073678
16.98	6.341852
16.99	8.82766
17	9.375194
17.01	8.471862
17.02	7.34611
17.03	7.295544
17.04	8.366
17.05	8.90391
17.06	7.061842
17.07	2.872034
17.08	-1.629622
17.09	-4.433998
17.1	-5.25789
17.11	-5.253416
17.12	-5.844266
17.13	-8.165128
17.14	-12.737822
17.15	-18.8392
17.16	-24.603476
17.17	-28.530646
17.18	-30.701722
17.19	-31.98487
17.2	-32.512382
17.21	-31.7843
17.22	-29.952004
17.23	-27.914154
17.24	-26.063126
17.25	-23.900602
17.26	-21.167218
17.27	-18.482108
17.28	-16.401406
17.29	-14.586118
17.3	-12.57467
17.31	-10.88624
17.32	-10.548224
17.33	-11.636452
17.34	-12.966894
17.35	-13.372318
17.36	-12.817002
17.37	-12.057892
17.38	-11.60312
17.39	-11.350814
17.4	-11.032326
17.41	-10.5688
17.42	-9.950946
17.43	-9.108788
17.44	-8.051026
17.45	-6.897984
17.46	-5.648416
17.47	-4.210488
17.48	-2.895456
17.49	-2.546152
17.5	-3.723694
17.51	-5.923374
17.52	-8.07602
17.53	-9.763646
17.54	-11.432658
17.55	-13.39709
17.56	-15.224602
17.57	-16.333012
17.58	-16.71776
17.59	-16.79398
17.6	-16.901544
17.61	-17.283734
17.62	-18.207076
17.63	-19.654488
17.64	-20.984676
17.65	-21.17196
17.66	-19.384564
17.67	-15.351106
17.68	-9.514984
17.69	-3.079652
17.7	2.359404
17.71	5.613732
17.72	6.41044
17.73	5.135836
17.74	2.343976
17.75	-1.340774
17.76	-5.164694
17.77	-8.495318
17.78	-11.13248
17.79	-13.176228
17.8	-14.61895
17.81	-15.249172
17.82	-14.98454
17.83	-14.18061
17.84	-13.51619
17.85	-13.522956
17.86	-14.202474
17.87	-15.118514
17.88	-15.823288
17.89	-16.070066
17.9	-15.656524
17.91	-14.386932
17.92	-12.377676
17.93	-10.138098
17.94	-8.053494
17.95	-5.904498
17.96	-3.079928
17.97	0.919218
17.98	6.323184
17.99	13.042434
18	20.366102
18.01	26.956986
18.02	31.591764
18.03	33.84325
18.04	33.873374
18.05	31.956006
18.06	28.572898
18.07	24.483488
18.08	20.034516
18.09	14.719834
18.1	8.181656
18.11	1.503256
18.12	-3.241298
18.13	-4.747088
18.14	-3.264648
18.15	0.139322
18.16	4.27376
18.17	7.807366
18.18	9.60086
18.19	9.67398
18.2	9.460952
18.21	10.618582
18.22	13.518382
18.23	16.876864
18.24	18.798544
18.25	18.447972
18.26	17.00527
18.27	16.78604
18.28	19.140544
18.29	23.449934
18.3	28.365914
18.31	33.485102
18.32	39.300354
18.33	45.966618
18.34	52.748196
18.35	58.414884
18.36	61.747892
18.37	62.115814
18.38	60.127856
18.39	57.35575
18.4	54.963594
18.41	53.04397
18.42	51.51349
18.43	50.716944
18.44	50.608662
18.45	50.408876
18.46	49.834968
18.47	49.513928
18.48	49.233814
18.49	47.148398
18.5	42.106358
18.51	35.560958
18.52	29.599026
18.53	24.239778
18.54	18.40888
18.55	12.28568
18.56	6.4571
18.57	-0.177436
18.58	-9.010904
18.59	-18.77859
18.6	-26.55863
18.61	-31.447842
18.62	-34.9219
18.63	-38.023744
18.64	-40.788546
18.65	-43.967202
18.66	-48.204976
18.67	-51.438806
18.68	-50.199158
18.69	-43.96962
18.7	-35.550846
18.71	-26.939434
18.72	-17.892532
18.73	-8.788794
18.74	-1.341718
18.75	4.359132
18.76	10.043294
18.77	15.51992
18.78	18.463342
18.79	19.360814
18.8	22.740124
18.81	31.141674
18.82	41.26013
18.83	48.706448
18.84	53.578284
18.85	58.424314
18.86	63.354306
18.87	66.394336
18.88	66.822658
18.89	65.26093
18.9	61.898528
18.91	56.995482
18.92	51.782026
18.93	47.037446
18.94	42.364806
18.95	38.11362
18.96	35.615336
18.97	34.259022
18.98	31.529708
18.99	27.541958
19	25.643554
19.01	26.478976
19.02	26.29343
19.03	24.139628
19.04	24.76658
19.05	29.003586
19.06	27.232004
19.07	10.798186
19.08	-13.576142
19.09	-30.165164
19.1	-33.90678
19.11	-34.501664
19.12	-40.503578
19.13	-48.919292
19.14	-53.565142
19.15	-55.105898
19.16	-57.450168
19.17	-60.168442
19.18	-60.167276
19.19	-57.099432
19.2	-52.368674
19.21	-45.803294
19.22	-37.59618
19.23	-30.973312
19.24	-28.74001
19.25	-28.890354
19.26	-27.15
19.27	-22.413878
19.28	-16.704918
19.29	-11.392496
19.3	-6.527626
19.31	-2.591872
19.32	0.09968
19.33	2.86016
19.34	6.987506
19.35	11.532998
19.36	14.910172
19.37	17.680542
19.38	21.476418
19.39	26.12085
19.4	30.115812
19.41	33.210082
19.42	36.202782
19.43	38.68337
19.44	39.03226
19.45	36.408896
19.46	31.099586
19.47	23.339958
19.48	13.455716
19.49	2.896662
19.5	-6.333516
19.51	-13.20369
19.52	-17.739788
19.53	-20.076586
19.54	-20.238112
19.55	-18.22925
19.56	-13.75238
19.57	-6.83431
19.58	0.728616
19.59	6.08624
19.6	8.452842
19.61	9.935596
19.62	12.170226
19.63	13.974292
19.64	13.830948
19.65	12.748546
19.66	12.563846
19.67	13.005786
19.68	12.783934
19.69	12.321718
19.7	12.933218
19.71	14.183798
19.72	14.429866
19.73	13.193478
19.74	10.689084
19.75	5.894814
19.76	-2.15158
19.77	-11.57859
19.78	-19.00541
19.79	-23.65334
19.8	-27.606938
19.81	-31.951174
19.82	-35.361846
19.83	-36.964566
19.84	-37.868148
19.85	-38.842128
19.86	-38.794008
19.87	-36.90347
19.88	-34.479294
19.89	-33.285534
19.9	-33.310022
19.91	-33.398266
19.92	-33.034926
19.93	-32.396376
19.94	-31.469814
19.95	-30.0652
19.96	-28.104026
19.97	-25.325202
19.98	-21.432432
19.99	-16.98558
20	-13.279298
20.01	-10.847182
20.02	-8.976188
20.03	-7.18896
20.04	-6.208752
20.05	-6.797674
20.06	-8.58316
20.07	-10.853138
20.08	-13.74952
20.09	-17.802192
20.1	-22.817054
20.11	-27.963866
20.12	-32.446068
20.13	-35.352868
20.14	-35.39425
20.15	-31.813516
20.16	-25.594996
20.17	-19.173026
20.18	-14.842618
20.19	-13.593032
20.2	-15.108522
20.21	-18.368952
20.22	-22.307238
20.23	-26.260606
20.24	-29.883238
20.25	-32.620894
20.26	-33.476238
20.27	-31.412528
20.28	-25.926166
20.29	-17.415344
20.3	-7.366006
20.31	1.988058
20.32	8.872434
20.33	13.087594
20.34	15.554856
20.35	16.72231
20.36	15.962842
20.37	12.657862
20.38	7.225218
20.39	0.761082
20.4	-5.76906
20.41	-11.562384
20.42	-15.676178
20.43	-17.289804
20.44	-16.262786
20.45	-13.312946
20.46	-9.811244
20.47	-7.281266
20.48	-6.49066
20.49	-6.829456
20.5	-7.118048
20.51	-7.24348
20.52	-8.356416
20.53	-11.091862
20.54	-14.3095
20.55	-16.248694
20.56	-16.407696
20.57	-15.522194
20.58	-14.070828
20.59	-11.736842
20.6	-8.340576
20.61	-4.509824
20.62	-1.180134
20.63	1.107192
20.64	2.250286
20.65	2.297102
20.66	1.270358
20.67	-0.878736
20.68	-4.066148
20.69	-7.62678
20.7	-10.351536
20.71	-11.434848
20.72	-11.209264
20.73	-10.431262
20.74	-9.068926
20.75	-6.567182
20.76	-3.289134
20.77	-0.788288
20.78	-0.348676
20.79	-2.013996
20.8	-5.388362
20.81	-10.43969
20.82	-16.701188
20.83	-22.390466
20.84	-25.508538
20.85	-25.75721
20.86	-24.513858
20.87	-22.92505
20.88	-20.874376
20.89	-17.941686
20.9	-14.449328
20.91	-11.058592
20.92	-7.960038
20.93	-5.064166
20.94	-2.61739
20.95	-1.014934
20.96	-0.139046
20.97	0.594266
20.98	1.493688
20.99	2.253934
21	2.432638
21.01	2.01472
21.02	1.405438
21.03	1.025766
21.04	1.015184
21.05	1.232834
21.06	1.41744
21.07	1.318958
21.08	0.741814
21.09	-0.444208
21.1	-2.28442
21.11	-4.724634
21.12	-7.560742
21.13	-10.33709
21.14	-12.427426
21.15	-13.470524
21.16	-13.654048
21.17	-13.154052
21.18	-11.259376
21.19	-6.693284
21.2	0.762742
21.21	9.445178
21.22	17.18549
21.23	23.191736
21.24	28.01169
21.25	32.083508
21.26	35.2521
21.27	37.569824
21.28	39.531788
21.29	41.278482
21.3	42.356422
21.31	42.52324
21.32	42.095154
21.33	41.31009
21.34	40.125428
21.35	38.86525
21.36	38.115752
21.37	37.493402
21.38	35.453706
21.39	31.122536
21.4	25.670178
21.41	21.045412
21.42	17.834162
21.43	15.194784
21.44	12.498374
21.45	10.06298
21.46	8.356372
21.47	7.300414
21.48	6.431304
21.49	5.092882
21.5	2.39387
21.51	-2.33006
21.52	-8.57579
21.53	-14.433072
21.54	-17.66576
21.55	-17.25267
21.56	-14.02369
21.57	-9.826088
21.58	-5.975932
21.59	-2.548528
21.6	0.791148
21.61	3.714448
21.62	5.586368
21.63	6.669668
21.64	8.091936
21.65	10.454364
21.66	13.256952
21.67	15.93986
21.68	18.637022
21.69	21.45137
21.7	23.782846
21.71	25.017056
21.72	25.332478
21.73	25.3012
21.74	25.220046
21.75	25.272194
21.76	25.700794
21.77	26.307506
21.78	26.44717
21.79	26.073936
21.8	26.083656
21.81	27.023166
21.82	28.27878
21.83	29.300974
21.84	30.729846
21.85	33.194816
21.86	35.660386
21.87	36.230892
21.88	34.28078
21.89	30.688766
21.9	26.285604
21.91	21.30602
21.92	16.317302
21.93	12.472558
21.94	10.480874
21.95	9.990484
21.96	10.124902
21.97	10.130794
21.98	9.628916
21.99	8.858136
22	8.575182
22.01	9.132254
22.02	9.804574
22.03	9.578182
22.04	8.337342
22.05	6.653298
22.06	4.744092
22.07	2.46024
22.08	0.104578
22.09	-1.595924
22.1	-2.35544
22.11	-2.513166
22.12	-2.377742
22.13	-1.9777
22.14	-1.436364
22.15	-1.069366
22.16	-1.108714
22.17	-1.676306
22.18	-2.860314
22.19	-4.419902
22.2	-5.538148
22.21	-5.150368
22.22	-2.445754
22.23	2.790444
22.24	9.675468
22.25	16.038814
22.26	19.682998
22.27	20.24853
22.28	19.110828
22.29	17.283276
22.3	14.522562
22.31	10.80487
22.32	7.266626
22.33	4.907688
22.34	3.53988
22.35	2.753906
22.36	2.733986
22.37	3.46055
22.38	4.484198
22.39	6.125842
22.4	9.250198
22.41	13.204376
22.42	16.07658
22.43	17.807676
22.44	20.365526
22.45	23.63449
22.46	24.598616
22.47	22.754382
22.48	22.161934
22.49	24.139808
22.5	21.847434
22.51	8.300332
22.52	-12.184332
22.53	-27.313726
22.54	-31.409228
22.55	-30.194398
22.56	-30.304132
22.57	-31.011726
22.58	-29.185712
22.59	-26.20851
22.6	-25.193776
22.61	-25.320376
22.62	-23.747838
22.63	-20.71297
22.64	-18.48797
22.65	-16.99436
22.66	-14.29437
22.67	-10.30259
22.68	-6.652398
22.69	-3.749216
22.7	-1.014972
22.71	0.579762
22.72	-0.924752
22.73	-5.632904
22.74	-11.708122
22.75	-17.679154
22.76	-22.875292
22.77	-26.297602
22.78	-27.225382
22.79	-26.454968
22.8	-25.01532
22.81	-22.30699
22.82	-17.516216
22.83	-12.176938
22.84	-9.064388
22.85	-8.86722
22.86	-10.00506
22.87	-11.407828
22.88	-13.356558
22.89	-15.72337
22.9	-17.503944
22.91	-18.308288
22.92	-18.63605
22.93	-18.638056
22.94	-18.203968
22.95	-18.175626
22.96	-19.731146
22.97	-22.494716
22.98	-24.869392
22.99	-26.289568
23	-27.548186
23.01	-28.88977
23.02	-29.545304
23.03	-29.409638
23.04	-29.474352
23.05	-30.111068
23.06	-30.391838
23.07	-29.639774
23.08	-28.378204
23.09	-27.257814
23.1	-26.224632
23.11	-25.225528
23.12	-24.630522
23.13	-24.44209
23.14	-24.028608
23.15	-23.082744
23.16	-22.011396
23.17	-21.062626
23.18	-19.907106
23.19	-18.357482
23.2	-16.681552
23.21	-14.983688
23.22	-13.101164
23.23	-11.275894
23.24	-10.03233
23.25	-9.177698
23.26	-7.804616
23.27	-5.506846
23.28	-2.732566
23.29	0.229486
23.3	3.612866
23.31	7.212518
23.32	10.061118
23.33	11.566458
23.34	12.161836
23.35	12.340114
23.36	11.811852
23.37	10.199268
23.38	7.929014
23.39	5.796138
23.4	4.049314
23.41	2.446354
23.42	0.927886
23.43	-0.224428
23.44	-0.752444
23.45	-0.645952
23.46	-0.086078
23.47	0.707948
23.48	1.63586
23.49	2.642804
23.5	3.346898
23.51	2.999976
23.52	1.204292
23.53	-1.505508
23.54	-4.199476
23.55	-6.469884
23.56	-8.36167
23.57	-9.668268
23.58	-9.97094
23.59	-9.298482
23.6	-8.113758
23.61	-6.651542
23.62	-4.84192
23.63	-2.863488
23.64	-1.149728
23.65	0.24106
23.66	1.746326
23.67	3.711314
23.68	6.096706
23.69	8.732228
23.7	11.373078
23.71	13.523326
23.72	14.718602
23.73	15.061932
23.74	15.120226
23.75	15.331058
23.76	15.842678
23.77	16.73395
23.78	17.894638
23.79	18.838024
23.8	19.151842
23.81	18.98959
23.82	18.57283
23.83	17.387896
23.84	14.561198
23.85	10.031488
23.86	4.774988
23.87	-0.132226
23.88	-4.169628
23.89	-7.193944
23.9	-9.232952
23.91	-10.491022
23.92	-11.045782
23.93	-10.546468
23.94	-8.701978
23.95	-6.027996
23.96	-3.63993
23.97	-2.391922
23.98	-2.649372
23.99	-4.60791
24	-8.085488
24.01	-12.07823
24.02	-15.271032
24.03	-17.069282
24.04	-17.579978
24.05	-16.713992
24.06	-14.121962
24.07	-10.10859
24.08	-5.824332
24.09	-2.24966
24.1	0.513302
24.11	2.824728
24.12	4.947322
24.13	7.038872
24.14	9.145326
24.15	10.998768
24.16	12.254968
24.17	13.045584
24.18	13.877846
24.19	14.960426
24.2	16.117026
24.21	17.384358
24.22	19.107296
24.23	21.283114
24.24	23.304118
24.25	24.533096
24.26	24.773794
24.27	24.132636
24.28	22.84728
24.29	21.303032
24.3	19.797482
24.31	18.246082
24.32	16.472432
24.33	14.66143
24.34	13.018582
24.35	11.128598
24.36	8.357832
24.37	4.957336
24.38	2.131552
24.39	0.875012
24.4	1.239324
24.41	2.724394
24.42	4.70911
24.43	6.394346
24.44	7.046242
24.45	6.600742
24.46	5.54666
24.47	4.089008
24.48	2.006094
24.49	-0.539896
24.5	-2.722616
24.51	-3.828454
24.52	-3.712566
24.53	-2.265614
24.54	0.860752
24.55	5.569894
24.56	10.911864
24.57	15.796122
24.58	19.71392
24.59	22.50871
24.6	24.036798
24.61	24.47825
24.62	24.399468
24.63	23.935272
24.64	22.383304
24.65	19.291984
24.66	15.659754
24.67	13.324602
24.68	13.14582
24.69	14.233242
24.7	14.91989
24.71	14.098904
24.72	11.715004
24.73	8.49029
24.74	5.354512
24.75	2.849324
24.76	0.87897
24.77	-0.923194
24.78	-2.620576
24.79	-3.877074
24.8	-4.36632
24.81	-4.119472
24.82	-3.497138
24.83	-2.957916
24.84	-2.83559
24.85	-3.194898
24.86	-3.838946
24.87	-4.481398
24.88	-4.923772
24.89	-5.098988
24.9	-5.025382
24.91	-4.731636
24.92	-4.133946
24.93	-2.96132
24.94	-0.946358
24.95	1.741942
24.96	4.245646
24.97	5.36335
24.98	4.376432
24.99	1.65392
25	-1.638992
25.01	-4.548744
25.02	-6.991074
25.03	-9.320122
25.04	-11.46661
25.05	-12.867942
25.06	-13.200646
25.07	-12.75535
25.08	-12.00367
25.09	-11.208766
25.1	-10.609696
25.11	-10.549178
25.12	-11.152164
25.13	-12.20679
25.14	-13.52149
25.15	-14.92305
25.16	-15.687114
25.17	-14.671914
25.18	-11.636128
25.19	-7.963858
25.2	-5.393736
25.21	-4.328212
25.22	-4.031622
25.23	-4.11142
25.24	-4.876562
25.25	-6.299276
25.26	-7.543084
25.27	-7.775182
25.28	-6.856818
25.29	-5.090086
25.3	-2.871408
25.31	-0.761966
25.32	0.686242
25.33	1.453688
25.34	1.979778
25.35	2.380586
25.36	2.180776
25.37	1.025332
25.38	-0.77732
25.39	-2.653006
25.4	-4.273644
25.41	-5.372588
25.42	-5.437996
25.43	-4.047108
25.44	-1.430004
25.45	1.541902
25.46	3.90038
25.47	5.078628
25.48	5.078214
25.49	4.305976
25.5	3.196382
25.51	2.001496
25.52	1.03244
25.53	0.906422
25.54	2.170914
25.55	4.666966
25.56	7.60171
25.57	10.32804
25.58	12.795582
25.59	15.23764
25.6	17.770648
25.61	20.37059
25.62	22.863628
25.63	24.767446
25.64	25.459828
25.65	24.746134
25.66	23.091332
25.67	21.153014
25.68	19.270648
25.69	17.532458
25.7	16.112264
25.71	15.291406
25.72	15.16649
25.73	15.408062
25.74	15.277748
25.75	13.951674
25.76	11.043278
25.77	6.901162
25.78	2.306448
25.79	-2.132042
25.8	-6.197404
25.81	-9.771286
25.82	-12.569144
25.83	-14.270862
25.84	-14.832394
25.85	-14.620146
25.86	-14.238502
25.87	-14.147986
25.88	-14.387742
25.89	-14.708972
25.9	-14.9171
25.91	-14.873238
25.92	-14.207782
25.93	-12.456622
25.94	-9.670136
25.95	-6.51519
25.96	-3.514458
25.97	-0.56228
25.98	2.470806
25.99	5.071174
26	6.536094
26.01	6.808148
26.02	6.312712
26.03	5.20582
26.04	3.411016
26.05	1.258796
26.06	-0.610898
26.07	-2.020724
26.08	-3.315944
26.09	-4.570952
26.1	-5.343374
26.11	-5.408804
26.12	-5.208152
26.13	-5.301524
26.14	-5.792672
26.15	-6.541992
26.16	-7.575326
26.17	-8.988348
26.18	-10.69115
26.19	-12.472024
26.2	-14.120064
26.21	-15.32977
26.22	-15.683906
26.23	-14.894186
26.24	-12.970068
26.25	-10.161946
26.26	-6.92963
26.27	-3.917598
26.28	-1.64938
26.29	-0.17173
26.3	0.798538
26.31	1.399184
26.32	1.532768
26.33	1.166054
26.34	0.373106
26.35	-0.882604
26.36	-2.620314
26.37	-4.489496
26.38	-5.972196
26.39	-7.029846
26.4	-8.152716
26.41	-9.632308
26.42	-11.156232
26.43	-12.3047
26.44	-13.12843
26.45	-14.026716
26.46	-15.286086
26.47	-16.894564
26.48	-18.59546
26.49	-19.99472
26.5	-20.812658
26.51	-21.130776
26.52	-21.22422
26.53	-21.14724
26.54	-20.736338
26.55	-20.019392
26.56	-19.26368
26.57	-18.4931
26.58	-17.253962
26.59	-15.02711
26.6	-11.681436
26.61	-7.451914
26.62	-2.7276
26.63	2.024066
26.64	6.366348
26.65	10.103214
26.66	13.27606
26.67	15.89619
26.68	17.796058
26.69	18.754522
26.7	18.688278
26.71	17.834554
26.72	16.862384
26.73	16.517682
26.74	16.8088
26.75	16.772348
26.76	15.506892
26.77	13.264994
26.78	10.980214
26.79	8.87277
26.8	6.269694
26.81	2.892568
26.82	-0.401806
26.83	-2.42504
26.84	-2.617938
26.85	-1.004362
26.86	2.086702
26.87	5.769838
26.88	8.6465
26.89	9.778238
26.9	9.473718
26.91	8.774942
26.92	8.40707
26.93	8.48399
26.94	8.83451
26.95	9.178924
26.96	9.252288
26.97	9.12665
26.98	9.140888
26.99	9.191934
27	8.488806
27.01	6.46374
27.02	3.554678
27.03	0.5356
27.04	-2.571898
27.05	-6.205856
27.06	-10.10275
27.07	-13.263316
27.08	-15.13115
27.09	-16.074926
27.1	-16.549796
27.11	-16.505078
27.12	-15.95756
27.13	-15.54128
27.14	-16.018156
27.15	-17.649112
27.16	-20.446714
27.17	-24.567798
27.18	-29.795672
27.19	-34.85905
27.2	-38.021118
27.21	-38.537504
27.22	-37.137242
27.23	-34.986504
27.24	-32.615258
27.25	-30.015414
27.26	-27.279582
27.27	-24.653748
27.28	-22.13189
27.29	-19.442732
27.3	-16.463442
27.31	-13.35158
27.32	-10.239184
27.33	-7.08458
27.34	-3.92525
27.35	-1.022438
27.36	1.426486
27.37	3.559948
27.38	5.639438
27.39	7.631502
27.4	9.153682
27.41	9.805896
27.42	9.454464
27.43	8.253786
27.44	6.550576
27.45	4.80496
27.46	3.510806
27.47	3.093258
27.48	3.792616
27.49	5.547032
27.5	7.96325
27.51	10.476864
27.52	12.591036
27.53	13.966786
27.54	14.407566
27.55	13.97853
27.56	13.167076
27.57	12.689428
27.58	12.980438
27.59	13.971736
27.6	15.435372
27.61	17.367424
27.62	19.891172
27.63	22.917836
27.64	26.065892
27.65	28.846642
27.66	30.840756
27.67	31.816454
27.68	31.795154
27.69	30.89816
27.7	29.043608
27.71	25.95964
27.72	21.64698
27.73	16.693462
27.74	11.9555
27.75	7.98521
27.76	4.835468
27.77	2.266856
27.78	0.026654
27.79	-1.917244
27.8	-3.29384
27.81	-3.84238
27.82	-3.800682
27.83	-3.83377
27.84	-4.32767
27.85	-5.048078
27.86	-5.71996
27.87	-6.58622
27.88	-7.961298
27.89	-9.428738
27.9	-9.961906
27.91	-8.844486
27.92	-6.17059
27.93	-2.523956
27.94	1.453122
27.95	5.155964
27.96	8.03713
27.97	9.711662
27.98	10.044846
27.99	9.310908
28	8.390586
28.01	8.459332
28.02	10.034354
28.03	12.453572
28.04	14.65672
28.05	16.28323
28.06	17.53623
28.07	18.213732
28.08	17.669406
28.09	15.866678
28.1	13.757062
28.11	12.228296
28.12	11.154238
28.13	9.881386
28.14	8.268502
28.15	6.777668
28.16	5.773872
28.17	5.220362
28.18	5.003722
28.19	5.140908
28.2	5.594806
28.21	6.187766
28.22	6.839478
28.23	7.719916
28.24	9.020752
28.25	10.643712
28.26	12.225606
28.27	13.436082
28.28	14.118066
28.29	14.111722
28.3	13.141164
28.31	11.116602
28.32	8.523508
28.33	6.260382
28.34	4.99266
28.35	4.799618
28.36	5.421526
28.37	6.536726
28.38	7.717596
28.39	8.511172
28.4	8.818928
28.41	8.888524
28.42	8.689244
28.43	7.708168
28.44	5.783324
28.45	3.750254
28.46	2.640132
28.47	2.427748
28.48	2.201208
28.49	1.44951
28.5	0.476412
28.51	-0.454992
28.52	-1.565846
28.53	-2.857462
28.54	-3.653502
28.55	-3.344438
28.56	-2.191014
28.57	-0.968516
28.58	-0.128526
28.59	0.308096
28.6	0.346084
28.61	-0.006212
28.62	-0.488914
28.63	-0.74548
28.64	-0.707594
28.65	-0.534758
28.66	-0.218832
28.67	0.446598
28.68	1.461386
28.69	2.402342
28.7	2.69787
28.71	2.04993
28.72	0.616662
28.73	-1.112674
28.74	-2.643968
28.75	-3.790734
28.76	-4.694368
28.77	-5.524638
28.78	-6.208652
28.79	-6.48436
28.8	-6.159002
28.81	-5.27676
28.82	-4.094518
28.83	-2.942826
28.84	-2.074478
28.85	-1.600128
28.86	-1.529366
28.87	-1.790756
28.88	-2.169612
28.89	-2.326336
28.9	-1.983106
28.91	-1.059586
28.92	0.383426
28.93	2.169388
28.94	3.911208
28.95	5.15646
28.96	5.8487
28.97	6.431758
28.98	7.23045
28.99	7.948132
29	8.121142
29.01	7.836616
29.02	7.490266
29.03	6.936762
29.04	5.472882
29.05	2.753726
29.06	-0.782584
29.07	-4.527364
29.08	-8.221664
29.09	-11.66637
29.1	-14.45699
29.11	-16.404074
29.12	-17.857664
29.13	-19.21267
29.14	-20.341142
29.15	-20.884106
29.16	-20.918872
29.17	-20.996906
29.18	-21.649458
29.19	-23.10478
29.2	-25.271492
29.21	-27.6361
29.22	-29.302478
29.23	-29.516716
29.24	-28.183936
29.25	-25.692702
29.26	-22.38124
29.27	-18.47372
29.28	-14.40232
29.29	-10.74513
29.3	-7.74726
29.31	-5.197584
29.32	-2.892524
29.33	-1.002394
29.34	0.125942
29.35	0.344038
29.36	-0.230488
29.37	-1.362238
29.38	-2.77304
29.39	-4.158872
29.4	-5.275766
29.41	-6.029154
29.42	-6.469236
29.43	-6.762348
29.44	-7.205302
29.45	-8.175848
29.46	-9.918586
29.47	-12.30283
29.48	-14.816924
29.49	-16.862062
29.5	-18.081652
29.51	-18.419022
29.52	-17.944526
29.53	-16.78522
29.54	-15.259446
29.55	-13.882404
29.56	-13.034978
29.57	-12.685312
29.58	-12.60583
29.59	-12.791266
29.6	-13.420812
29.61	-14.418184
29.62	-15.337546
29.63	-15.78677
29.64	-15.721124
29.65	-15.178428
29.66	-13.978342
29.67	-11.961692
29.68	-9.421428
29.69	-7.020008
29.7	-5.249658
29.71	-4.1195
29.72	-3.349404
29.73	-2.681896
29.74	-1.964252
29.75	-1.124206
29.76	-0.266004
29.77	0.205304
29.78	-0.283524
29.79	-2.025142
29.8	-4.62396
29.81	-7.110316
29.82	-8.595908
29.83	-8.83504
29.84	-8.080054
29.85	-6.488392
29.86	-3.94839
29.87	-0.583842
29.88	2.854606
29.89	5.43369
29.9	6.848624
29.91	7.535016
29.92	7.947544
29.93	8.03896
29.94	7.672076
29.95	7.301488
29.96	7.778518
29.97	9.36305
29.98	11.283428
29.99	12.569084
30	13.116634
30.01	13.580372
30.02	14.343566
30.03	15.100328
30.04	15.53812
30.05	15.903106
30.06	16.549784
30.07	17.318936
30.08	17.826568
30.09	18.120598
30.1	18.496258
30.11	18.737112
30.12	18.139026
30.13	16.456536
30.14	14.375952
30.15	12.79864
30.16	11.967268
30.17	11.524118
30.18	11.116254
30.19	10.611388
30.2	9.915754
30.21	8.969792
30.22	7.931326
30.23	7.099394
30.24	6.578236
30.25	6.139976
30.26	5.45635
30.27	4.386682
30.28	3.015202
30.29	1.46131
30.3	-0.285482
30.31	-2.278718
30.32	-4.349922
30.33	-6.064792
30.34	-7.097314
30.35	-7.566578
30.36	-7.804788
30.37	-7.8653
30.38	-7.539206
30.39	-6.824548
30.4	-5.994832
30.41	-5.103248
30.42	-3.821482
30.43	-2.003938
30.44	-0.057478
30.45	1.567152
30.46	2.937922
30.47	4.293076
30.48	5.40181
30.49	5.81138
30.5	5.606114
30.51	5.303598
30.52	4.924532
30.53	3.783696
30.54	1.509704
30.55	-1.19616
30.56	-3.239164
30.57	-4.274596
30.58	-4.74085
30.59	-4.948586
30.6	-4.64758
30.61	-3.537968
30.62	-1.828594
30.63	-0.159324
30.64	0.799448
30.65	0.62355
30.66	-0.685478
30.67	-2.622814
30.68	-4.468688
30.69	-5.818812
30.7	-6.712386
30.71	-7.161938
30.72	-6.8089
30.73	-5.310758
30.74	-2.962314
30.75	-0.644084
30.76	0.898694
30.77	1.592098
30.78	1.882008
30.79	2.237486
30.8	2.832282
30.81	3.537558
30.82	4.11048
30.83	4.427912
30.84	4.560212
30.85	4.59884
30.86	4.503394
30.87	4.256046
30.88	4.097096
30.89	4.376704
30.9	5.129812
30.91	5.994692
30.92	6.622998
30.93	6.967856
30.94	7.04659
30.95	6.632482
30.96	5.433008
30.97	3.518898
30.98	1.376828
30.99	-0.473476
31	-1.789542
31.01	-2.549024
31.02	-2.730072
31.03	-2.220462
31.04	-0.924222
31.05	1.034828
31.06	3.215068
31.07	5.059682
31.08	6.28757
31.09	7.02184
31.1	7.435954
31.11	7.35616
31.12	6.399208
31.13	4.528872
31.14	2.31746
31.15	0.540282
31.16	-0.461676
31.17	-0.979878
31.18	-1.55066
31.19	-2.419712
31.2	-3.361072
31.21	-3.959114
31.22	-4.030998
31.23	-3.771192
31.24	-3.50798
31.25	-3.361928
31.26	-3.168202
31.27	-2.707914
31.28	-1.960828
31.29	-1.106676
31.3	-0.320394
31.31	0.35685
31.32	0.92591
31.33	1.305596
31.34	1.4079
31.35	1.29476
31.36	1.11225
31.37	0.862912
31.38	0.434688
31.39	-0.0482
31.4	-0.089652
31.41	0.762548
31.42	2.441006
31.43	4.460758
31.44	6.416132
31.45	8.190086
31.46	9.742508
31.47	10.945546
31.48	11.673522
31.49	11.880582
31.5	11.54754
31.51	10.691078
31.52	9.44194
31.53	7.975024
31.54	6.359332
31.55	4.62315
31.56	2.955464
31.57	1.659042
31.58	0.871222
31.59	0.478452
31.6	0.322532
31.61	0.3521
31.62	0.581172
31.63	1.054394
31.64	1.83403
31.65	2.857174
31.66	3.845084
31.67	4.536404
31.68	4.946814
31.69	5.187988
31.7	5.140944
31.71	4.61847
31.72	3.769924
31.73	2.943626
31.74	2.179682
31.75	1.278352
31.76	0.400334
31.77	0.091864
31.78	0.547294
31.79	1.30266
31.8	1.868402
31.81	2.216546
31.82	2.390938
31.83	2.120014
31.84	1.205876
31.85	-0.090648
31.86	-1.465028
31.87	-3.00719
31.88	-4.755188
31.89	-6.14685
31.9	-6.529696
31.91	-6.085378
31.92	-5.675646
31.93	-5.779738
31.94	-6.071702
31.95	-6.069916
31.96	-5.713494
31.97	-5.155828
31.98	-4.393054
31.99	-3.341054
32	-2.072416
32.01	-0.79974
32.02	0.275714
32.03	1.04203
32.04	1.52651
32.05	1.908078
32.06	2.375078
32.07	2.932036
32.08	3.377782
32.09	3.434858
32.1	2.907468
32.11	1.884602
32.12	0.857834
32.13	0.40903
32.14	0.607544
32.15	0.89912
32.16	0.752606
32.17	0.18715
32.18	-0.54186
32.19	-1.4743
32.2	-2.788072
32.21	-4.300306
32.22	-5.544214
32.23	-6.27724
32.24	-6.558476
32.25	-6.394982
32.26	-5.720092
32.27	-4.753836
32.28	-4.00529
32.29	-3.769516
32.3	-3.846348
32.31	-3.864156
32.32	-3.728688
32.33	-3.691698
32.34	-4.08325
32.35	-4.984172
32.36	-6.09036
32.37	-6.962056
32.38	-7.468848
32.39	-7.850978
32.4	-8.2798
32.41	-8.617832
32.42	-8.771078
32.43	-8.94933
32.44	-9.268092
32.45	-9.380322
32.46	-8.906426
32.47	-8.014846
32.48	-7.14345
32.49	-6.33291
32.5	-5.332946
32.51	-4.246188
32.52	-3.521866
32.53	-3.329608
32.54	-3.441214
32.55	-3.709568
32.56	-4.100302
32.57	-4.208648
32.58	-3.400368
32.59	-1.697674
32.6	-0.009944
32.61	0.840944
32.62	0.933612
32.63	0.813208
32.64	0.674154
32.65	0.37156
32.66	-0.077486
32.67	-0.47682
32.68	-0.798504
32.69	-1.154342
32.7	-1.479668
32.71	-1.582094
32.72	-1.512576
32.73	-1.615778
32.74	-2.14748
32.75	-3.0175
32.76	-3.967014
32.77	-4.86656
32.78	-5.764974
32.79	-6.72291
32.8	-7.6959
32.81	-8.604298
32.82	-9.47329
32.83	-10.426278
32.84	-11.498082
32.85	-12.482506
32.86	-12.98175
32.87	-12.579486
32.88	-11.028192
32.89	-8.450064
32.9	-5.414988
32.91	-2.645868
32.92	-0.520818
32.93	1.036088
32.94	2.159196
32.95	2.801792
32.96	3.020928
32.97	3.197324
32.98	3.692772
32.99	4.481132
33	5.368544
33.01	6.35974
33.02	7.504134
33.03	8.592528
33.04	9.371156
33.05	9.895404
33.06	10.309626
33.07	10.456926
33.08	10.136934
33.09	9.594072
33.1	9.23182
33.11	8.889856
33.12	7.926186
33.13	6.068832
33.14	3.73988
33.15	1.49402
33.16	-0.41338
33.17	-1.84862
33.18	-2.681086
33.19	-2.98763
33.2	-2.973204
33.21	-2.58268
33.22	-1.612064
33.23	-0.310402
33.24	0.608476
33.25	0.762576
33.26	0.505522
33.27	0.347406
33.28	0.399454
33.29	0.625404
33.3	1.195892
33.31	2.22798
33.32	3.477162
33.33	4.627976
33.34	5.665936
33.35	6.690394
33.36	7.59413
33.37	8.205008
33.38	8.541554
33.39	8.675622
33.4	8.545624
33.41	8.169478
33.42	7.867516
33.43	7.997282
33.44	8.552266
33.45	9.199508
33.46	9.611108
33.47	9.646396
33.48	9.372234
33.49	9.025358
33.5	8.781074
33.51	8.461106
33.52	7.682434
33.53	6.391692
33.54	4.99482
33.55	3.831972
33.56	2.806552
33.57	1.703374
33.58	0.598314
33.59	-0.24169
33.6	-0.603764
33.61	-0.285772
33.62	0.888914
33.63	2.743022
33.64	4.671466
33.65	6.169778
33.66	7.242258
33.67	8.048982
33.68	8.385676
33.69	7.837872
33.7	6.326184
33.71	4.241068
33.72	2.13988
33.73	0.489278
33.74	-0.47489
33.75	-0.872392
33.76	-1.040546
33.77	-1.102464
33.78	-0.856826
33.79	-0.268642
33.8	0.200838
33.81	0.059572
33.82	-0.598116
33.83	-1.246646
33.84	-1.575764
33.85	-1.694136
33.86	-1.784486
33.87	-1.841142
33.88	-1.730812
33.89	-1.333648
33.9	-0.672502
33.91	-0.00497
33.92	0.358234
33.93	0.43983
33.94	0.591174
33.95	0.960602
33.96	1.242314
33.97	1.168332
33.98	0.943774
33.99	0.886502
34	0.928444
34.01	0.873448
34.02	0.906614
34.03	1.364154
34.04	2.131144
34.05	2.758466
34.06	3.11906
34.07	3.450416
34.08	3.72819
34.09	3.514782
34.1	2.596414
34.11	1.353274
34.12	0.259532
34.13	-0.68141
34.14	-1.750634
34.15	-2.968176
34.16	-3.97938
34.17	-4.389366
34.18	-4.03885
34.19	-3.022494
34.2	-1.605336
34.21	-0.139348
34.22	1.036714
34.23	1.712992
34.24	1.898008
34.25	1.793414
34.26	1.588696
34.27	1.256674
34.28	0.680782
34.29	0.034978
34.3	-0.158726
34.31	0.482532
34.32	1.79229
34.33	3.311628
34.34	4.834374
34.35	6.470522
34.36	8.22684
34.37	9.763092
34.38	10.620578
34.39	10.601264
34.4	9.93529
34.41	9.117434
34.42	8.47058
34.43	7.794262
34.44	6.591132
34.45	4.734118
34.46	2.70116
34.47	0.997264
34.48	-0.396658
34.49	-1.733832
34.5	-2.90684
34.51	-3.545772
34.52	-3.609916
34.53	-3.470802
34.54	-3.386122
34.55	-3.2364
34.56	-2.848364
34.57	-2.279472
34.58	-1.67926
34.59	-1.111342
34.6	-0.638884
34.61	-0.424786
34.62	-0.64278
34.63	-1.3674
34.64	-2.547824
34.65	-3.969832
34.66	-5.267152
34.67	-6.119146
34.68	-6.447884
34.69	-6.35042
34.7	-5.933244
34.71	-5.33243
34.72	-4.753838
34.73	-4.306288
34.74	-3.922056
34.75	-3.61804
34.76	-3.62358
34.77	-3.97622
34.78	-4.232996
34.79	-3.995582
34.8	-3.535086
34.81	-3.381478
34.82	-3.419434
34.83	-3.055526
34.84	-2.344282
34.85	-2.21228
34.86	-3.209072
34.87	-4.613982
34.88	-5.283684
34.89	-5.00709
34.9	-4.505138
34.91	-4.345678
34.92	-4.405952
34.93	-4.317886
34.94	-3.943616
34.95	-3.349128
34.96	-2.664008
34.97	-2.05753
34.98	-1.61584
34.99	-1.201742
35	-0.636252
35.01	-0.011336
35.02	0.407558
35.03	0.598444
35.04	0.85688
35.05	1.395452
35.06	2.084254
35.07	2.67064
35.08	3.060962
35.09	3.267656
35.1	3.231364
35.11	2.839896
35.12	2.04528
35.13	0.860906
35.14	-0.688232
35.15	-2.523104
35.16	-4.477952
35.17	-6.391638
35.18	-8.180198
35.19	-9.748694
35.2	-10.905452
35.21	-11.483002
35.22	-11.518174
35.23	-11.19975
35.24	-10.645856
35.25	-9.854506
35.26	-8.88938
35.27	-7.964948
35.28	-7.251374
35.29	-6.693888
35.3	-6.14314
35.31	-5.593996
35.32	-5.152472
35.33	-4.80766
35.34	-4.418212
35.35	-3.953676
35.36	-3.573746
35.37	-3.382768
35.38	-3.26148
35.39	-3.084456
35.4	-2.996458
35.41	-3.291724
35.42	-4.048078
35.43	-5.036986
35.44	-5.9962
35.45	-6.844578
35.46	-7.604252
35.47	-8.272078
35.48	-8.867166
35.49	-9.499138
35.5	-10.254034
35.51	-11.04437
35.52	-11.68899
35.53	-12.135242
35.54	-12.463228
35.55	-12.603432
35.56	-12.177134
35.57	-10.786016
35.58	-8.453604
35.59	-5.647616
35.6	-2.864178
35.61	-0.349878
35.62	1.749596
35.63	3.229198
35.64	4.00393
35.65	4.271216
35.66	4.258642
35.67	3.941158
35.68	3.2736
35.69	2.56979
35.7	2.264642
35.71	2.304026
35.72	2.158488
35.73	1.519414
35.74	0.613676
35.75	-0.27082
35.76	-1.136842
35.77	-1.93133
35.78	-2.27896
35.79	-1.956786
35.8	-1.36836
35.81	-1.14988
35.82	-1.46798
35.83	-2.02656
35.84	-2.555334
35.85	-2.903724
35.86	-2.836752
35.87	-2.208332
35.88	-1.275196
35.89	-0.414566
35.9	0.43129
35.91	1.608232
35.92	3.076896
35.93	4.357978
35.94	5.215056
35.95	5.939622
35.96	6.820944
35.97	7.746546
35.98	8.516356
35.99	9.187408
36	9.883288
36.01	10.564726
36.02	11.210144
36.03	11.959176
36.04	12.86195
36.05	13.709566
36.06	14.28169
36.07	14.521548
36.08	14.335962
36.09	13.567544
36.1	12.404234
36.11	11.481512
36.12	11.241524
36.13	11.427716
36.14	11.520274
36.15	11.409036
36.16	11.27011
36.17	11.0434
36.18	10.533002
36.19	9.898964
36.2	9.539124
36.21	9.508694
36.22	9.5486
36.23	9.71871
36.24	10.471012
36.25	11.91655
36.26	13.48948
36.27	14.62371
36.28	15.395346
36.29	16.162958
36.3	16.86867
36.31	17.105636
36.32	16.733218
36.33	16.046248
36.34	15.38405
36.35	14.890978
36.36	14.636546
36.37	14.636546
36.38	14.678172
36.39	14.381134
36.4	13.546298
36.41	12.288366
36.42	10.790284
36.43	9.130922
36.44	7.40625
36.45	5.77239
36.46	4.233992
36.47	2.602606
36.48	0.839888
36.49	-0.735636
36.5	-1.785654
36.51	-2.354898
36.52	-2.729692
36.53	-3.026598
36.54	-3.157206
36.55	-3.076146
36.56	-2.766792
36.57	-2.059612
36.58	-0.82324
36.59	0.634056
36.6	1.685538
36.61	2.002552
36.62	1.787006
36.63	1.350486
36.64	0.819772
36.65	0.38831
36.66	0.455576
36.67	1.202104
36.68	2.263096
36.69	3.100424
36.7	3.498204
36.71	3.455018
36.72	2.868814
36.73	1.70796
36.74	0.309426
36.75	-0.9123
36.76	-1.971988
36.77	-3.157292
36.78	-4.451106
36.79	-5.534434
36.8	-6.354158
36.81	-7.24519
36.82	-8.400216
36.83	-9.62248
36.84	-10.751422
36.85	-11.951542
36.86	-13.341402
36.87	-14.630258
36.88	-15.403592
36.89	-15.586686
36.9	-15.38206
36.91	-14.898598
36.92	-14.100174
36.93	-13.0304
36.94	-11.808986
36.95	-10.37202
36.96	-8.43165
36.97	-5.838084
36.98	-2.929732
36.99	-0.406998
37	1.185442
37.01	1.794712
37.02	1.635184
37.03	0.760382
37.04	-0.904892
37.05	-3.111412
37.06	-5.19669
37.07	-6.653852
37.08	-7.571236
37.09	-8.292464
37.1	-8.874352
37.11	-9.179412
37.12	-9.291484
37.13	-9.426932
37.14	-9.51566
37.15	-9.267788
37.16	-8.648776
37.17	-7.94153
37.18	-7.336244
37.19	-6.783698
37.2	-6.24626
37.21	-5.761084
37.22	-5.258032
37.23	-4.652242
37.24	-4.115358
37.25	-3.90994
37.26	-3.950498
37.27	-3.866886
37.28	-3.491598
37.29	-2.951942
37.3	-2.347954
37.31	-1.722856
37.32	-1.246334
37.33	-0.970378
37.34	-0.543612
37.35	0.25338
37.36	0.807262
37.37	0.208364
37.38	-1.544234
37.39	-3.60861
37.4	-5.510892
37.41	-7.385622
37.42	-9.022224
37.43	-9.843644
37.44	-10.074528
37.45	-10.611306
37.46	-11.191864
37.47	-10.138834
37.48	-6.943222
37.49	-3.79902
37.5	-3.108518
37.51	-4.37962
37.52	-5.225874
37.53	-4.81149
37.54	-4.47633
37.55	-5.172794
37.56	-6.219722
37.57	-6.935128
37.58	-7.80044
37.59	-9.27484
37.6	-10.7605
37.61	-11.603436
37.62	-12.163926
37.63	-13.06076
37.64	-14.074168
37.65	-14.557174
37.66	-14.362616
37.67	-13.680728
37.68	-12.455138
37.69	-10.633432
37.7	-8.635184
37.71	-6.9752
37.72	-5.673792
37.73	-4.476668
37.74	-3.354894
37.75	-2.366806
37.76	-1.322902
37.77	-0.010228
37.78	1.46938
37.79	2.89029
37.8	4.164778
37.81	5.15221
37.82	5.531658
37.83	5.149896
37.84	4.203084
37.85	2.882196
37.86	1.248886
37.87	-0.330282
37.88	-1.172896
37.89	-1.072112
37.9	-0.598122
37.91	-0.202028
37.92	0.4488
37.93	1.717892
37.94	3.089092
37.95	3.676596
37.96	3.301602
37.97	2.416432
37.98	1.268254
37.99	-0.146714
38	-1.501592
38.01	-2.269426
38.02	-2.41107
38.03	-2.300856
38.04	-1.98031
38.05	-1.104662
38.06	0.319956
38.07	1.737088
38.08	2.712
38.09	3.325094
38.1	3.785766
38.11	4.117666
38.12	4.37175
38.13	4.727072
38.14	5.186428
38.15	5.494396
38.16	5.513096
38.17	5.406658
38.18	5.353792
38.19	5.362838
38.2	5.460356
38.21	5.752714
38.22	6.159974
38.23	6.354286
38.24	6.129254
38.25	5.65156
38.26	5.237818
38.27	5.049768
38.28	5.091718
38.29	5.341332
38.3	5.784788
38.31	6.416026
38.32	7.222446
38.33	8.089106
38.34	8.78316
38.35	9.168856
38.36	9.334022
38.37	9.312252
38.38	8.814
38.39	7.536846
38.4	5.705484
38.41	4.01573
38.42	3.035348
38.43	2.88893
38.44	3.470202
38.45	4.633392
38.46	6.12803
38.47	7.609516
38.48	8.774612
38.49	9.32577
38.5	8.916356
38.51	7.471804
38.52	5.5405
38.53	3.95424
38.54	3.081268
38.55	2.722946
38.56	2.733856
38.57	3.290958
38.58	4.41329
38.59	5.652322
38.6	6.52434
38.61	6.935078
38.62	6.927932
38.63	6.340992
38.64	5.091312
38.65	3.628102
38.66	2.727444
38.67	2.833494
38.68	3.796166
38.69	5.186026
38.7	6.645204
38.71	7.960338
38.72	9.02186
38.73	9.804472
38.74	10.321986
38.75	10.577492
38.76	10.573692
38.77	10.328816
38.78	9.857232
38.79	9.202406
38.8	8.519234
38.81	8.030494
38.82	7.832
38.83	7.793578
38.84	7.69655
38.85	7.418408
38.86	6.959916
38.87	6.36373
38.88	5.65126
38.89	4.793998
38.9	3.715212
38.91	2.346904
38.92	0.701072
38.93	-1.105764
38.94	-2.852274
38.95	-4.241744
38.96	-5.04743
38.97	-5.289102
38.98	-5.176612
38.99	-4.872888
39	-4.506508
39.01	-4.450224
39.02	-5.223888
39.03	-6.837554
39.04	-8.488272
39.05	-9.279148
39.06	-9.092586
39.07	-8.414574
39.08	-7.50062
39.09	-6.212262
39.1	-4.595628
39.11	-3.056758
39.12	-1.86733
39.13	-0.964006
39.14	-0.340742
39.15	-0.1503
39.16	-0.237198
39.17	-0.05593
39.18	0.653982
39.19	1.491826
39.2	1.975814
39.21	2.135346
39.22	2.208028
39.23	2.089154
39.24	1.475302
39.25	0.3255
39.26	-1.171766
39.27	-2.88029
39.28	-4.614518
39.29	-5.951368
39.3	-6.530006
39.31	-6.44088
39.32	-6.020504
39.33	-5.410984
39.34	-4.64754
39.35	-4.01788
39.36	-3.927012
39.37	-4.456816
39.38	-5.389758
39.39	-6.572656
39.4	-7.870002
39.41	-8.820212
39.42	-8.801252
39.43	-7.644512
39.44	-5.764406
39.45	-3.621558
39.46	-1.38805
39.47	0.786892
39.48	2.55709
39.49	3.62977
39.5	3.99961
39.51	3.778594
39.52	3.012424
39.53	1.824134
39.54	0.542438
39.55	-0.498248
39.56	-1.172658
39.57	-1.472574
39.58	-1.3494
39.59	-0.78475
39.6	0.082072
39.61	0.997834
39.62	1.692708
39.63	1.92016
39.64	1.570164
39.65	0.813612
39.66	-0.022776
39.67	-0.792088
39.68	-1.571642
39.69	-2.329416
39.7	-2.799586
39.71	-2.82742
39.72	-2.591568
39.73	-2.276468
39.74	-1.743636
39.75	-0.804932
39.76	0.333466
39.77	1.216754
39.78	1.664116
39.79	1.857546
39.8	1.957266
39.81	1.94807
39.82	1.889468
39.83	1.989238
39.84	2.295882
39.85	2.553318
39.86	2.497864
39.87	2.109484
39.88	1.449046
39.89	0.457836
39.9	-0.894172
39.91	-2.406968
39.92	-3.783644
39.93	-4.857596
39.94	-5.527076
39.95	-5.60883
39.96	-5.01877
39.97	-4.072182
39.98	-3.371792
39.99	-3.335292
